Key	1-O-(3-sn-phosphatidyl)-1D-myo-inositol 4,5-bis(dihydrogen phosphate)	AKT	AKT1	AKT2	AKT3	AKT:PIP3	AKT:PIP3:THEM4/TRIB3	Active AKT	PtsIns-3,4,5-P3	THEM4	THEM4/TRIB3	TRIB3	Wasser	p-T-AKT	tetraoxophosphate(V)
1-O-(3-sn-phosphatidyl)-1D-myo-inositol 4,5-bis(dihydrogen phosphate)	0.8266841764908324	0.00013364169848492858	0.00013370064627258536	0.00013370064627258533	0.00013370064627258533	0.0038531261369798217	0.00013035060296461695	0.00036679248173346465	0.07855395697617969	6.617377630951192e-08	3.224115639803001e-06	6.617377630951192e-08	0.07854812647050408	0.003623074628123051	0.00770229611218796
AKT	0.00013364169848492858	0.6842899314367191	0.07167902503602724	0.07167902503602724	0.07167902503602724	0.07121528378450306	0.0037287401328725653	0.010497898401108161	0.003617121953631562	3.225089088151984e-06	0.0001240906563135712	3.225089088151984e-06	0.00036982272519615807	0.010495152083270159	0.0004847918416425836
AKT1	0.0001337006462725853	0.07167902503602727	0.7516585765451325	0.010840355863414586	0.010840355863414584	0.0036227186851630873	0.00012439231898041825	0.07168200232824619	0.0002487825409062374	6.410935236595977e-08	3.104247232765945e-06	6.410935236595975e-08	0.0037410256211626225	0.07168194722895098	0.0037438848563914958
AKT2	0.0001337006462725853	0.07167902503602727	0.010840355863414584	0.7516585765451324	0.010840355863414584	0.0036227186851630873	0.00012439231898041825	0.07168200232824619	0.00024878254090623735	6.410935236595978e-08	3.104247232765945e-06	6.410935236595975e-08	0.0037410256211626216	0.07168194722895098	0.0037438848563914953
AKT3	0.00013370064627258536	0.07167902503602727	0.010840355863414584	0.010840355863414588	0.7516585765451325	0.0036227186851630873	0.00012439231898041828	0.07168200232824617	0.00024878254090623735	6.410935236595975e-08	3.1042472327659457e-06	6.410935236595977e-08	0.0037410256211626225	0.07168194722895099	0.003743884856391495
AKT:PIP3	0.0038531261369798217	0.07121528378450308	0.003622718685163087	0.003622718685163087	0.003622718685163087	0.751982921252237	0.07842367774962053	0.0004731136471478593	0.07470449165554345	0.00013357359552092929	0.0038499682256641463	0.00013357359552092937	0.0002603314851059661	0.00036380246426298356	0.0037379803524039807
AKT:PIP3:THEM4/TRIB3	0.00013035060296461693	0.003728740132872568	0.00012439231898041828	0.00012439231898041828	0.00012439231898041828	0.07842367774962053	0.82667804670843	1.216674492040636e-05	0.003849780386219006	0.004110602252260705	0.07843960552401942	0.004110602252260707	6.569866400619884e-06	9.308373583298512e-06	0.0001273724495067019
Active AKT	0.0003667924817334647	0.010497898401108161	0.07168200232824617	0.07168200232824619	0.07168200232824617	0.0004731136471478593	1.2166744920406362e-05	0.6233282189274234	0.0035136464318319444	4.18970614416113e-09	2.4389812217695886e-07	4.189706144161128e-09	0.007112448802096433	0.07157499837228018	0.06807445692918514
PtsIns-3,4,5-P3	0.07855395697617969	0.003617121953631563	0.0002487825409062374	0.0002487825409062374	0.0002487825409062374	0.07470449165554342	0.0038497803862190053	0.003513646431831942	0.7521071254017703	3.288075357145574e-06	0.00012712876032940166	3.288075357145574e-06	0.007578516362050008	0.0003695358023636621	0.07482577249664797
THEM4	6.617377630951186e-08	3.225089088151983e-06	6.41093523659597e-08	6.41093523659597e-08	6.410935236595971e-08	0.00013357359552092923	0.004110602252260705	4.1897061441611236e-09	3.2880753571455725e-06	0.9090848808042425	0.0824166341807592	0.0042474627682830635	2.2140589669414524e-09	3.1871432017210944e-09	6.514174645400296e-08
THEM4/TRIB3	3.2241156398030015e-06	0.00012409065631357124	3.1042472327659453e-06	3.1042472327659453e-06	3.1042472327659453e-06	0.003849968225664145	0.07843960552401939	2.438981221769589e-07	0.00012712876032940166	0.08241663418075917	0.7526096774632679	0.0824166341807592	1.3007454803135306e-07	1.8598324940209745e-07	3.1641956293486682e-06
TRIB3	6.617377630951185e-08	3.2250890881519828e-06	6.410935236595971e-08	6.410935236595971e-08	6.410935236595971e-08	0.0001335735955209292	0.004110602252260705	4.189706144161124e-09	3.2880753571455725e-06	0.004247462768283063	0.08241663418075917	0.9090848808042425	2.214058966941451e-09	3.187143201721093e-09	6.514174645400297e-08
Wasser	0.07854812647050408	0.0003698227251961581	0.0037410256211626225	0.003741025621162622	0.003741025621162622	0.000260331485105966	6.569866400619881e-06	0.007112448802096431	0.0075785163620500084	2.214058966941451e-09	1.3007454803135288e-07	2.2140589669414507e-09	0.7518829043985891	0.06807726120432248	0.07494080731958128
p-T-AKT	0.003623074628123052	0.010495152083270162	0.07168194722895099	0.07168194722895099	0.07168194722895099	0.0003638024642629834	9.3083735832985e-06	0.07157499837228017	0.0003695358023636621	3.1871432017210957e-09	1.859832494020973e-07	3.1871432017210924e-09	0.06807726120432248	0.6233282713079181	0.0071125617194873056
tetraoxophosphate(V)	0.00770229611218796	0.0004847918416425837	0.0037438848563914953	0.0037438848563914953	0.0037438848563914953	0.0037379803524039794	0.00012737244950670193	0.06807445692918515	0.07482577249664799	6.514174645400304e-08	3.1641956293486657e-06	6.514174645400302e-08	0.07494080731958128	0.0071125617194873056	0.7517590117310602
