Key	KAT2B	RUNX2	RUNX2:WWTR1(TAZ)	TBX5	TBX5:WWTR1:PCAF	TEAD	TEAD1	TEAD2	TEAD3	TEAD4	TEAD:WWTR1(TAZ)	TEAD:YAP1	WWTR1	YAP1
KAT2B	0.9090848146614422	3.4204368685554603e-06	0.00013357793332579231	0.004247396625482509	0.0824134121883799	3.105194186614841e-06	6.412337061930456e-08	6.412337061930454e-08	6.412337061930454e-08	6.412337061930456e-08	0.00013357262193252	6.30611309012626e-08	0.003980379705835025	1.0779336348884106e-09
RUNX2	3.4204368685554607e-06	0.9092216067900417	0.08638708668759251	3.4204368685554607e-06	0.00013357793332579234	3.1671773838812147e-06	6.518561033734652e-08	6.518561033734652e-08	6.518561033734652e-08	6.518561033734652e-08	0.00013685739168636332	6.410826296485709e-08	0.004110537202292261	1.0932359713815973e-09
RUNX2:WWTR1(TAZ)	0.00013357793332579231	0.08638708668759254	0.8269450573047417	0.00013357793332579231	0.003850222209377789	0.00012134635547127155	3.1671773838812134e-06	3.1671773838812147e-06	3.1671773838812147e-06	3.1671773838812164e-06	0.00397684698798978	3.1041623568877393e-06	0.07843644760802018	6.410826296485698e-08
TBX5	0.00424739662548251	3.4204368685554607e-06	0.00013357793332579234	0.9090848146614421	0.08241341218837993	3.105194186614841e-06	6.412337061930454e-08	6.412337061930456e-08	6.412337061930456e-08	6.412337061930454e-08	0.00013357262193252004	6.306113090126258e-08	0.003980379705835025	1.07793363488841e-09
TBX5:WWTR1:PCAF	0.08241341218837987	0.00013357793332579223	0.0038502222093777893	0.08241341218837987	0.7524857666159998	0.00011836620561282432	3.1051941866148394e-06	3.10519418661484e-06	3.10519418661484e-06	3.1051941866148407e-06	0.0038499122780891195	3.0432109893484654e-06	0.07471980333196816	6.30611309012625e-08
TEAD	3.1051941866148373e-06	3.1671773838812134e-06	0.00012134635547127149	3.1051941866148365e-06	0.00011836620561282425	0.5682758708584473	0.0719104052096194	0.07191040520961942	0.07191040520961942	0.0719104052096194	0.06828816197333182	0.06829436915870576	0.0035040672606132246	0.00374681978358343
TEAD1	6.412337061930441e-08	6.518561033734648e-08	3.167177383881214e-06	6.412337061930436e-08	3.105194186614836e-06	0.07191040520961937	0.9087116599118268	0.0038742418758671536	0.0038742418758671536	0.0038742418758671527	0.0037466915835323578	0.003746819783583429	0.00012444834724481532	0.00013078373266978016
TEAD2	6.412337061930442e-08	6.518561033734649e-08	3.167177383881212e-06	6.412337061930436e-08	3.105194186614837e-06	0.07191040520961937	0.0038742418758671536	0.9087116599118267	0.0038742418758671545	0.0038742418758671536	0.0037466915835323578	0.0037468197835834297	0.00012444834724481532	0.00013078373266978016
TEAD3	6.412337061930438e-08	6.518561033734649e-08	3.1671773838812126e-06	6.412337061930432e-08	3.1051941866148365e-06	0.07191040520961939	0.0038742418758671527	0.003874241875867154	0.9087116599118267	0.0038742418758671527	0.0037466915835323586	0.003746819783583429	0.00012444834724481527	0.00013078373266978016
TEAD4	6.412337061930436e-08	6.51856103373464e-08	3.167177383881212e-06	6.412337061930433e-08	3.105194186614836e-06	0.07191040520961937	0.0038742418758671536	0.0038742418758671553	0.0038742418758671553	0.9087116599118269	0.0037466915835323586	0.0037468197835834292	0.00012444834724481532	0.0001307837326697802
TEAD:WWTR1(TAZ)	0.00013357262193252	0.00013685739168636332	0.00397684698798978	0.00013357262193252	0.003849912278089119	0.06828816197333182	0.003746691583532359	0.003746691583532361	0.003746691583532361	0.003746691583532359	0.8263233862581361	0.003622433420122143	0.07842093657180506	0.00012755354084516786
TEAD:YAP1	6.306113090126245e-08	6.410826296485706e-08	3.1041623568877372e-06	6.306113090126239e-08	3.0432109893484616e-06	0.06829436915870572	0.0037468197835834297	0.0037468197835834305	0.0037468197835834305	0.0037468197835834297	0.003622433420122141	0.8265904547223976	0.00012134635547127146	0.0863777796050986
WWTR1	0.003980379705835025	0.004110537202292262	0.07843644760802018	0.003980379705835025	0.07471980333196818	0.0035040672606132255	0.00012444834724481535	0.00012444834724481538	0.00012444834724481538	0.00012444834724481538	0.07842093657180507	0.0001213463554712715	0.7522251416917969	3.167177383881213e-06
YAP1	1.0779336348884092e-09	1.0932359713816e-09	6.41082629648571e-08	1.0779336348884077e-09	6.306113090126248e-08	0.0037468197835834284	0.00013078373266978016	0.00013078373266978016	0.0001307837326697802	0.00013078373266978016	0.0001275535408451678	0.08637777960509856	3.1671773838812134e-06	0.9092214145439127
